-0.901
-1.140
-0.809
-0.444
-1.131
-1.115
-0.374
-0.683
-1.162
-0.742
-1.128
-1.113
-0.815
-1.661
-1.570
-1.089
-1.254
-0.707
-1.180
-1.366
-0.199
-0.860
-0.727
-1.308
-0.941
-0.663
-1.152
-0.525
-0.900
-0.761
-0.869
0.128
-0.603
-1.005
-0.237
-1.038
-0.451
-1.302
-1.034
-0.408
-0.176
-0.387
-0.486
-0.545
-1.000
-0.681
-0.561
0.061
-0.208
-1.035
-0.185
-0.453
-0.554
-0.022
0.161
0.137
-0.556
-0.328
-0.056
0.217
-0.349
-0.216
-0.568
-0.588
0.231
0.464
-0.092
0.354
0.113
-0.274
0.145
0.667
0.071
0.744
-0.897
0.513
0.252
0.131
0.320
-0.478
0.262
0.526
1.007
0.242
0.159
0.315
0.915
0.713
0.403
0.853
0.720
1.102
0.467
0.650
0.657
0.261
0.998
1.018
0.948
0.886
0.446
0.877
0.942
0.791
1.080
1.340
1.966
1.314
1.381
1.281
0.576
1.366
1.434
2.428
1.399
1.630
1.529
1.108
2.066
1.943
1.991
1.344
2.302
1.214
2.042
2.717
1.478
1.680
1.980
1.772
1.386
2.067
1.648
2.295
1.771
2.792
1.892
2.109
2.597
1.812
2.428
2.893
1.761
2.511
2.574
2.816
2.041
2.041
2.811
2.754
2.769
2.840
2.463
2.861
2.918
2.549
3.614
3.090
2.457
3.229
2.610
3.323
3.488
2.713
3.444
3.240
3.421
3.867
3.027
2.841
2.803
2.850
3.162
3.346
3.337
3.574
3.265
3.858
3.188
4.399
3.578
3.001
2.933
3.571
3.305
3.697
3.617
3.416
3.123
2.873
3.317
3.855
3.615
3.048
3.632
3.734
3.243
3.675
3.653
3.190
3.807
3.905
4.130
4.136
3.180
3.373
3.971
3.987
4.004
5.356
4.060
4.303
4.247
4.143
3.773
4.219
3.624
3.855
3.772
4.016
4.926
3.760
4.002
4.019
3.820
4.249
3.573
3.943
4.048
4.206
4.285
3.550
3.386
4.511
4.133
3.701
4.620
4.046
4.472
4.027
4.824
4.702
3.900
4.389
4.258
4.547
3.614
4.274
4.423
3.297
3.527
3.184
3.892
4.287
4.601
4.030
4.651
3.448
3.319
3.978
4.154
3.987
3.173
3.964
3.478
4.268
4.147
3.624
3.794
3.576
3.975
4.382
3.606
4.202
3.788
3.683
3.957
3.586
3.779
3.521
4.786
4.014
3.720
4.086
3.955
3.912
4.246
4.303
3.788
3.770
3.890
3.079
3.394
4.547
4.658
3.900
4.231
4.125
5.232
4.448
3.949
3.618
3.357
4.081
3.697
3.431
3.741
3.567
4.675
4.353
3.997
4.592
4.031
3.655
4.609
4.216
3.585
3.924
3.650
3.447
4.370
4.764
3.441
4.225
3.740
3.805
3.763
3.654
4.019
3.668
4.108
3.980
3.904
3.637
3.769
4.302
4.200
3.609
4.040
4.301
3.332
4.217
3.735
4.228
3.695
3.278
3.349
4.019
4.104
3.638
4.255
3.335
3.974
3.516
3.739
4.019
3.656
3.846
4.403
3.769
4.334
3.548
4.212
4.577
3.011
3.681
4.231
3.919
4.148
3.758
4.035
3.938
4.467
4.102
4.135
3.835
3.805
3.827
4.158
3.832
4.116
4.830
4.348
3.870
4.480
3.837
3.185
3.597
3.252
3.859
4.007
4.671
4.131
3.912
4.332
3.116
4.094
4.308
3.409
4.458
4.135
