-2.066
-1.636
-0.970
-1.795
-1.758
-2.030
-2.175
-1.492
-2.156
-1.774
-1.983
-1.590
-1.637
-1.345
-1.953
-1.846
-2.119
-1.895
-1.555
-1.393
-2.053
-1.326
-1.121
-1.487
-0.891
-1.940
-2.118
-2.321
-1.000
-1.326
-1.599
-1.454
-2.006
-0.566
-1.482
-1.479
-1.222
-1.309
-1.401
-1.796
-1.281
-0.706
-0.910
-0.800
-1.631
-1.811
-1.455
-1.372
-0.945
-2.049
-0.750
-1.414
-1.511
-1.734
-1.980
-0.978
-1.268
-1.802
-1.793
-1.399
-0.586
-1.347
-1.834
-1.320
-1.320
-2.279
-1.211
-1.271
-0.889
-0.417
-0.696
-1.243
-1.567
-0.085
-1.079
-1.087
-1.091
-0.992
-1.118
-1.279
-1.257
-1.041
-1.234
-1.291
-0.953
-1.087
-0.372
-2.023
-0.516
-0.443
-1.760
-1.057
-1.058
-1.461
-1.199
-1.321
-0.165
-0.481
-0.336
-0.545
-1.275
-1.022
-0.606
-1.280
-0.495
-0.865
-0.908
-0.463
-0.559
-0.871
-0.252
-1.137
-0.447
-0.446
-0.796
-0.531
-1.151
-0.270
-0.703
-0.828
-0.188
-0.879
-1.150
-1.198
-0.322
-1.066
0.159
-1.365
0.157
-0.426
-0.539
-0.621
-0.223
-0.377
0.100
-0.275
-0.240
-0.425
-0.282
-0.115
-0.902
-0.736
0.121
-0.088
-0.209
-0.107
0.045
-0.289
-0.364
0.046
-0.403
0.172
-0.652
0.462
0.260
0.194
0.505
0.799
0.559
-0.563
-0.318
-0.035
0.246
0.463
-0.014
0.372
0.015
0.094
-0.204
0.010
-0.141
0.030
0.863
0.082
1.535
0.700
0.597
0.201
0.845
0.355
0.655
1.651
0.609
1.127
0.407
0.695
1.438
0.499
1.496
1.074
0.587
1.085
1.242
1.122
0.266
0.624
0.836
0.926
1.225
1.068
0.484
1.190
1.303
1.303
1.532
1.454
1.325
1.134
0.518
1.375
1.307
1.353
0.754
0.853
1.727
1.311
1.620
1.379
1.400
1.784
1.223
1.488
1.286
1.317
1.388
1.621
1.361
2.076
1.236
1.540
1.459
2.235
1.755
2.110
1.123
1.845
2.115
1.812
2.226
1.614
2.405
2.781
1.737
1.725
2.505
2.576
1.756
1.817
1.893
1.489
1.680
1.666
1.781
2.095
2.223
2.770
1.771
2.585
2.126
2.213
2.523
1.824
2.447
2.381
2.532
2.472
3.359
2.142
2.205
2.189
2.237
2.224
2.976
3.089
2.313
2.229
2.771
2.382
2.877
2.725
2.058
3.304
3.424
2.481
2.592
2.882
2.922
3.072
3.633
2.779
2.551
2.339
2.619
2.919
3.671
2.766
3.084
3.008
3.511
4.067
2.864
2.901
3.535
3.411
3.898
3.413
3.056
3.457
3.685
3.590
3.485
3.730
3.791
3.897
3.624
3.318
3.465
3.909
3.120
3.615
3.331
3.520
4.041
3.626
3.589
3.047
3.910
3.891
4.518
3.550
3.782
3.814
4.366
3.718
3.888
4.040
3.892
3.660
3.936
4.309
3.489
3.513
3.881
3.899
3.437
4.501
4.251
3.812
3.911
3.983
3.083
3.801
3.627
3.499
3.788
4.619
4.156
3.672
4.129
4.460
4.270
3.924
3.641
4.179
4.057
4.258
4.154
4.320
3.686
4.427
3.979
4.730
3.624
4.594
3.979
3.639
3.706
3.772
4.070
4.109
3.671
3.890
4.757
4.591
4.075
3.915
3.948
4.145
3.491
3.797
3.233
4.060
4.159
3.707
4.530
3.410
3.314
3.990
4.319
4.574
3.716
